-0.000000000000000001692121310406311089305
-0.000552177174230321192449633116439144942
-0.001064902661024620623628211824041045475
-0.001451460395616946006877578945193363325
-0.001638113362041422518128319651964375225
-0.001577293494504639287737135511235919694
-0.001257604345579383959413677374072904058
-0.000708726043162327895910679309565693984
 0.000000000000000002124704430873386201122
 0.000767585192587633764922661061547159989
 0.00147522203389447792779010093511260493 
 0.002004126060637798339286730353592247411
 0.002254793575743062328253785153719945811
 0.0021646457229277187538085680529320598  
 0.001721061659185676171249235189009141322
 0.000967328167448275343977270868123241598
-0.000000000000000002571271976615471993578
-0.001042551443270751769520909846278300392
-0.001999210346165617834673922104116172704
-0.002710296579652044304808988783861423144
-0.00304333043488941822063420516997211962 
-0.002916346344949008809188661928146757418
-0.002314823070832174034539008289357298054
-0.001299042538233688556456590923460225895
 0.000000000000000003017122449546412193084
 0.001396307684740130325429241509027633583
 0.002674538130305215144488784062559716403
 0.003622215963397087176017796750215893553
 0.00406382733478252884673498357415155624 
 0.003891493348880963824149015195530409983
 0.003087093235894425476140146002990150009
 0.001731710303461108692302250489092330099
-0.00000000000000000344655191364997775584 
-0.00186069616396440694686131855917210487 
-0.003564263971133387488149368849121856329
-0.004828316532191809749841038268414195045
-0.005419177688494362932214443162592942826
-0.005192431556092345738828708334722250584
-0.004122339088126323984606624861726231757
-0.002314705626289805407563848760332803067
 0.000000000000000003843635041960328876399
 0.002493609485315197681065679802259182907
 0.004784527706681533827659524860109740985
 0.006493652831401933341048948733487122809
 0.007304079371266780119908990087651545764
 0.00701558363435110694805718623001666856 
 0.005585065295974901006248458656955335755
 0.003145660264959030186227018077715911204
-0.000000000000000004193051690814713450249
-0.003413272225860311103601274496099904354
-0.006576603323760084156279770439823550987
-0.008967315618929039972018202320214186329
-0.010138120426678947846865774806701665511
-0.009792677319480148565022936679724807618
-0.007844418099693654944370990733659709804
-0.004448499594435654201640684135554693057
 0.000000000000000004480907108244654042011
 0.004904052667514815881666390140480871196
 0.009536116955694564148449110518868110375
 0.013135288055916754038077165489539765986
 0.015018163037396600745232433382625458762
 0.014688631722492087594567067299067275599
 0.011930947774126093863245046122756320983
 0.006871738215018476612916398238439796842
-0.000000000000000004695492979584409698816
-0.007860762686404421453745250403244426707
-0.01562791742563130956145123207079450367 
-0.022075791503939835164205263140502211172
-0.02597980229306618565887632144040253479 
-0.02627153962380338395043999355493724579 
-0.022185382642939056180297896503361698706
-0.01337739913428858881672134373275184771 
 0.000000000000000004827939441060626776291
 0.017279175213624934498435337104638165329
 0.037318982652830123836196207776083610952
 0.058604427471015269057730279200768563896
 0.079394179231910472216426910563313867897
 0.097899609039187471259957362690329318866
 0.112474693125600391785390286258916603401
 0.121794369597771720559187258459132863209
 0.121794369597771720559187258459132863209
 0.112474693125600391785390286258916603401
 0.097899609039187471259957362690329318866
 0.079394179231910472216426910563313867897
 0.058604427471015269057730279200768563896
 0.037318982652830123836196207776083610952
 0.017279175213624934498435337104638165329
 0.000000000000000004827939441060626776291
-0.01337739913428858881672134373275184771 
-0.022185382642939056180297896503361698706
-0.02627153962380338395043999355493724579 
-0.02597980229306618565887632144040253479 
-0.022075791503939835164205263140502211172
-0.01562791742563130956145123207079450367 
-0.007860762686404421453745250403244426707
-0.000000000000000004695492979584409698816
 0.006871738215018476612916398238439796842
 0.011930947774126093863245046122756320983
 0.014688631722492087594567067299067275599
 0.015018163037396600745232433382625458762
 0.013135288055916754038077165489539765986
 0.009536116955694564148449110518868110375
 0.004904052667514815881666390140480871196
 0.000000000000000004480907108244654042011
-0.004448499594435654201640684135554693057
-0.007844418099693654944370990733659709804
-0.009792677319480148565022936679724807618
-0.010138120426678947846865774806701665511
-0.008967315618929039972018202320214186329
-0.006576603323760084156279770439823550987
-0.003413272225860311103601274496099904354
-0.000000000000000004193051690814713450249
 0.003145660264959030186227018077715911204
 0.005585065295974901006248458656955335755
 0.00701558363435110694805718623001666856 
 0.007304079371266780119908990087651545764
 0.006493652831401933341048948733487122809
 0.004784527706681533827659524860109740985
 0.002493609485315197681065679802259182907
 0.000000000000000003843635041960328876399
-0.002314705626289805407563848760332803067
-0.004122339088126323984606624861726231757
-0.005192431556092345738828708334722250584
-0.005419177688494362932214443162592942826
-0.004828316532191809749841038268414195045
-0.003564263971133387488149368849121856329
-0.00186069616396440694686131855917210487 
-0.00000000000000000344655191364997775584 
 0.001731710303461108692302250489092330099
 0.003087093235894425476140146002990150009
 0.003891493348880963824149015195530409983
 0.00406382733478252884673498357415155624 
 0.003622215963397087176017796750215893553
 0.002674538130305215144488784062559716403
 0.001396307684740130325429241509027633583
 0.000000000000000003017122449546412193084
-0.001299042538233688556456590923460225895
-0.002314823070832174034539008289357298054
-0.002916346344949008809188661928146757418
-0.00304333043488941822063420516997211962 
-0.002710296579652044304808988783861423144
-0.001999210346165617834673922104116172704
-0.001042551443270751769520909846278300392
-0.000000000000000002571271976615471993578
 0.000967328167448275343977270868123241598
 0.001721061659185676171249235189009141322
 0.0021646457229277187538085680529320598  
 0.002254793575743062328253785153719945811
 0.002004126060637798339286730353592247411
 0.00147522203389447792779010093511260493 
 0.000767585192587633764922661061547159989
 0.000000000000000002124704430873386201122
-0.000708726043162327895910679309565693984
-0.001257604345579383959413677374072904058
-0.001577293494504639287737135511235919694
-0.001638113362041422518128319651964375225
-0.001451460395616946006877578945193363325
-0.001064902661024620623628211824041045475
-0.000552177174230321192449633116439144942
-0.000000000000000001692121310406311089305